0
-0.0003137458150322087
-0.00062653712166980187
-0.00093837330336826676
-0.0012492540036093192
-0.0015591791151984523
-0.0018681486038074834
-0.0021761624780055598
-0.0024832207315210277
-0.002789323368707383
-0.0030944703978957547
-0.0033986618247855032
-0.0037018976671543626
-0.0040041779348544719
-0.0043055026549045595
-0.0046058718396948042
-0.0049052855244656971
-0.0052037437258962019
-0.0055012464880400238
-0.0057977938315523407
-0.0060933858062858963
-0.0063880224365976956
-0.0066817037807500512
-0.006974429866310982
-0.0072662007588806714
-0.0075570164883123712
-0.0078468771318060664
-0.0081357827219621908
-0.0084237333437566127
-0.0087107290303887926
-0.0089967698785067621
-0.0092818559242254656
-0.0095659872717105583
-0.0098491639592971896
-0.010131386103098909
-0.010412653747670864
-0.010692967013714456
-0.010972325948257075
-0.011250730681026283
-0.011528181264834651
-0.011804677833842273
-0.012080220442933097
-0.012354809239039402
-0.01262844428264078
-0.012901125726588377
-0.013172853630208044
-0.013443628159688949
-0.013713449377864475
-0.01398231745765271
-0.014250232461767978
-0.014517194579365919
-0.014783203880013029
-0.015048260557698383
-0.01531236468094279
-0.015575516456605541
-0.015837715958771599
-0.016098963398136427
-0.016359258848002229
-0.016618602536328964
-0.016876994543795251
-0.017134435103348243
-0.017390924291826766
-0.017646462358264406
-0.017901049385055896
-0.018154685625953446
-0.018407371161940942
-0.018659106265763815
-0.018909891029465439
-0.01915972572820418
-0.019408610451997158
-0.019656545489076353
-0.019903530938655305
-0.02014956708900249
-0.02039465403840043
-0.020638792092572935
-0.020881981361561441
-0.021124222152797221
-0.021365514571753983
-0.021605858941611582
-0.02184525537569806
-0.022083704199401505
-0.022321205523492184
-0.022557759694693733
-0.022793366836581865
-0.023028027297676855
-0.023261741196677014
-0.023494508898184635
-0.023726330529657856
-0.023957206455440132
-0.024187136798882555
-0.024416121946695887
-0.02464416203459624
-0.024871257451046114
-0.025097408323757113
-0.025322615060805517
-0.025546877798565803
-0.02577019694636028
-0.025992572635986116
-0.026214005302249339
-0.026434495092985476
-0.026654042443201555
-0.026872647494060334
-0.027090310698211592
-0.027307032208513993
-0.027522812474134753
-0.027737651642944065
-0.027951550187866891
-0.028164508273287175
-0.028376526370699158
-0.028587604635149054
-0.028797743557919673
-0.029006943305261487
-0.029215204366735571
-0.029422526902739443
-0.029628911430691521
-0.029834358129653935
-0.030038867515937227
-0.030242439759293884
-0.030445075396235165
-0.030646774608787855
-0.030847537928890192
-0.031047365530843932
-0.031246257974729602
-0.031444215453124993
-0.031641238524212335
-0.031837327368403549
-0.032032482566957246
-0.032226704313242517
-0.03241999318537031
-0.032612349369409516
-0.03280377347480528
-0.032994265710374004
-0.033183826682596396
-0.033372456589915854
-0.033560156059830058
-0.03374692530666451
-0.03393276494972388
-0.034117675195318067
-0.034301656691101884
-0.034484709666269542
-0.03466683476294561
-0.034848032197605953
-0.035028302634286357
-0.035207646305335662
-0.035386063868101017
-0.035563555547003182
-0.03574012203132293
-0.035915763570896701
-0.036090480850264242
-0.036264274107117231
-0.036437144048143646
-0.036609090927478986
-0.036780115442464345
-0.036950217837142661
-0.037119398840332191
-0.037287658720105588
-0.037454998199625736
-0.037621417531977619
-0.037786917465153502
-0.037951498269053065
-0.038115160684521039
-0.038277904972212153
-0.038439731908498691
-0.038600641782083084
-0.038760635363911285
-0.038919712929277067
-0.039077875272990482
-0.039235122688993679
-0.039391455960607905
-0.039546875370907925
-0.039701381736021515
-0.039854975366094642
-0.040007657069129558
-0.040159427139049714
-0.040310286408709005
-0.040460235190644414
-0.040609274307937725
-0.040757404062687699
-0.040904625314978217
-0.04105093839692061
-0.041196344161782299
-0.041340842926162809
-0.04148443556882489
-0.041627122425559028
-0.041768904362593284
-0.041909781702876972
-0.042049755348692701
-0.04218882565168295
-0.042326993505761086
-0.042464259244512526
-0.042600623789413337
-0.042736087494368177
-0.042870651270360625
-0.043004315460142814
-0.043137081014754899
-0.043268948310413051
-0.043399918290391776
-0.043529991314904933
-0.043659168353744497
-0.043787449789264743
-0.043914836576241303
-0.044041329084079137
-0.044166928303867106
-0.044291634637239848
-0.044415449064088425
-0.044538371967525171
-0.044660404353833477
-0.044781546628593905
-0.044901799784495676
-0.045021164215359011
-0.04513964095375305
-0.045257230428945819
-0.045373933663908857
-0.04548975107061444
-0.045604683698747775
-0.045718731982986975
-0.04583189695676692
-0.045944179040505295
-0.04605557930571192
-0.046166098206201198
-0.046275736802146167
-0.046384495527721746
-0.046492375471403953
-0.046599377090991531
-0.046705501461251159
-0.046810749027874521
-0.046915120908021614
-0.047018617585130526
-0.04712124016666399
-0.047222989118495845
-0.047323865576090446
-0.047423870029890472
-0.047523003597895325
-0.047621266756112481
-0.047718660661346564
-0.047815185825131779
-0.047910843391248618
-0.04800563385092782
-0.048099558375870551
-0.048192617482033302
-0.048284812325391287
-0.048376143408956213
-0.048466611931447565
-0.048556218434702245
-0.048644964106578301
-0.04873284947002416
-0.048819875741528268
-0.048906043468914431
-0.048991353850496633
-0.049075807418594672
-0.049159405412154196
-0.049242148400204577
-0.049324037608783455
-0.04940507358600315
-0.049485257587620457
-0.049564590187990948
-0.049643072627156969
-0.049720705466761633
-0.049797489991579333
-0.049873426804711338
-0.049948517179973735
-0.050022761702069173
-0.050096161674135088
-0.050168717708049544
-0.050240431087520819
-0.050311302409421665
-0.050381332997807081
-0.050450523488577252
-0.050518875191053809
-0.050586388720346764
-0.050653065414019552
-0.050718905914691484
-0.05078391154193071
-0.050848082925401925
-0.050911421428108776
-0.050973927722066686
-0.051035603157817418
-0.051096448388479043
-0.051156464793071732
-0.051215653052102114
-0.051274014524304731
-0.051331549874783743
-0.051388260502767485
-0.051444147112992056
-0.051499211090102068
-0.05155345311819854
-0.051606874610878303
-0.051659476280670739
-0.051711259523641098
-0.051762225040029197
-0.051812374270303233
-0.05186170795848831
-0.051910227533150395
-0.051957933720328843
-0.052004827977557268
-0.052050911059536208
-0.052096184403402641
-0.052140648749132629
-0.052184305574037304
-0.052227155658632521
-0.052269200464946229
-0.052310440753121981
-0.052350878013140381
-0.052390513033791851
-0.052429347286482075
-0.052467381547493926
-0.052504617331612984
-0.05254105545868442
-0.052576697430987772
-0.052611544050053215
-0.052645596846704036
-0.052678856650835111
-0.052711324972914017
-0.05274300262801946
-0.052773891167068696
-0.052803991445843163
-0.052833305000731051
-0.052861832667737467
-0.052889576012038184
-0.052916535899121389
-0.052942713876590518
-0.052968110798517945
-0.05299272825662156
-0.053016567149780598
-0.053039629058082453
-0.05306191486351796
-0.053083426174994494
-0.05310416390417267
-0.053124129639814208
-0.053143324279912821
-0.053161749452838719
-0.053179406098047853
-0.053196295828837885
-0.05321241956567372
-0.053227778949084696
-0.053242374929165837
-0.053256209127879789
-0.053269282484058815
-0.053281596661751196
-0.053293152644036348
-0.053303952082591644
-0.053313995943757332
-0.053323285906655103
-0.053331822966777534
-0.053339608783069724
-0.053346644337633337
-0.053352931328112314
-0.053358470777684679
-0.053363264369624977
-0.053367313109133598
-0.05337061870669195
-0.053373182197438467
-0.053375005274473926
-0.053376088962968186
-0.053376434997964378
-0.053376044449220374
-0.053374919040597907
-0.053373059826800434
-0.053370468559098057
-0.053367146321940506
-0.053363094847320935
-0.05335831520761062
-0.053352809172476742
-0.053346577855213413
-0.053339623011328385
-0.053331945737158361
-0.05332354781409393
-0.053314430367949056
-0.053304595162622224
-0.053294043314296706
-0.053282776626866653
-0.053270796259880904
-0.053258104006006973
-0.05324470101022933
-0.053230589091477432
-0.05321576942373004
-0.053200243807314952
-0.05318401340480601
-0.053167080053256377
-0.053149444955514789
-0.053131109935664417
-0.053112076181109823
-0.053092345541757152
-0.053071919234772988
-0.053050799094177342
-0.053028986329235708
-0.053006482813442439
-0.052983289799598841
-0.052959409151415539
-0.052934842109354542
-0.052909590563047372
-0.052883655782573966
-0.052857039640169336
-0.052829743396317151
-0.052801768958397353
-0.052773117626854417
-0.052743791296517711
-0.052713791253973172
-0.052683119418052933
-0.052651777104561072
-0.052619766216501634
-0.052587088062516885
-0.052553744582263619
-0.052519737126315906
-0.05248506762450212
-0.052449737416004449
-0.052413748454634784
-0.052377102108141046
-0.052339800313656641
-0.052301844430299012
-0.052263236428352643
-0.052223977705590237
-0.052184070220914841
-0.052143515360036703
-0.05210231510499895
-0.052060470870379509
-0.052017984624125095
-0.051974857775451994
-0.051931092327539494
-0.051886689730741037
-0.051841651980026562
-0.051795980516725612
-0.051749677359024623
-0.051702743976712068
-0.051655182373016882
-0.05160699401101463
-0.05155818092519289
-0.051508744616092852
-0.051458687107845236
-0.05140800989073209
-0.051356715010322906
-0.051304803984649587
-0.051252278846037877
-0.051199141108081277
-0.051145392835566225
-0.051091035580957574
-0.051036071401451007
-0.050980501841716305
-0.050924328980473249
-0.050867554389476023
-0.050810180133915542
-0.050752207780081229
-0.050693639422490382
-0.050634476663184463
-0.050574721587992436
-0.050514375790785347
-0.050453441378067503
-0.050391919970890355
-0.050329813664700247
-0.050267124078125815
-0.050203853337514308
-0.050140003099227073
-0.050075575483918965
-0.050010572142779847
-0.049944995217158068
-0.049878846385088327
-0.049812127776455974
-0.049744841066021873
-0.049676988410927075
-0.049608571520285645
-0.049539592543845497
-0.049470053184669835
-0.049399955611380435
-0.049329301553000304
-0.049258093168221738
-0.04918633218479776
-0.049114020789252248
-0.049041160744509919
-0.048967754232132371
-0.048893803011279088
-0.048819309282221481
-0.048744274829310617
-0.048668701842865647
-0.048592592105251652
-0.048515947831651814
-0.048438770836554186
-0.048361063329366343
-0.048282827120545269
-0.048204064437210134
-0.048124777114664216
-0.048044967372262014
-0.047964637045848031
-0.047883788380612718
-0.047802423245731078
-0.047720543883305197
-0.047638152161166292
-0.047555250339090763
-0.047471840309313368
-0.047387924323896428
-0.047303504275137485
-0.047218582437835693
-0.047133160734512597
-0.047047241435757017
-0.046960826462147269
-0.046873918100372759
-0.046786518294360931
-0.046698629324572895
-0.046610253136669576
-0.046521392034117724
-0.046432047993120812
-0.046342223315151303
-0.046251919976560585
-0.046161140294802248
-0.046069886268901801
-0.045978160210446525
-0.045885964119904858
-0.045793300329395902
-0.045700170867294748
-0.045606578063316382
-0.045512523945972612
-0.045418010860020473
-0.045323040856170824
-0.045227616275216528
-0.045131739171443988
-0.045035411906630247
-0.044938636563715016
-0.044841415504374718
-0.044743750814182338
-0.044645644869715999
-0.044547099778488197
-0.044448117913487302
-0.04434870138585114
-0.04424885258688846
-0.044148573653849492
-0.044047866977257447
-0.043946734696812456
-0.043845179216398612
-0.04374320269658518
-0.043640807538884975
-0.043537995908860122
-0.04343477022600517
-0.043331132681833501
-0.043227085696827545
-0.043122631466818134
-0.043017772425271474
-0.042912510788229732
-0.04280684898734434
-0.042700789243719388
-0.042594334004754132
-0.042487485515139312
-0.042380246223124057
-0.042272618377858701
-0.042164604439505746
-0.042056206676600039
-0.041947427549008792
-0.041838269331893295
-0.041728734500666054
-0.041618825354072145
-0.041508544370236725
-0.041397893854472512
-0.04128687629654481
-0.041175494020815592
-0.041063749517487126
-0.040951645117971155
-0.040839183325885944
-0.04072636649405708
-0.040613197128662085
-0.040499677589199846
-0.040385810392164254
-0.040271597914884626
-0.040157042675379229
-0.040042147058996079
-0.039926913596479208
-0.039811344693878953
-0.039695442885967158
-0.039579210587026313
-0.039462650341781577
-0.039345764581715646
-0.039228555853975292
-0.039111026598486774
-0.038993179373443924
-0.03887501663750581
-0.038756540953160244
-0.038637754787613034
-0.038518660712369986
-0.038399261210814536
-0.038279558858097008
-0.038159556147081504
-0.038039255663348134
-0.037918659917936748
-0.037797771502175427
-0.037676592937386906
-0.037555126823635265
-0.037433375698195243
-0.03731134216581633
-0.037189028774106486
-0.037066438136714758
-0.036943572817871181
-0.03682043543726652
-0.036697028569877367
-0.03657335484299213
-0.036449416846370909
-0.036325217212814238
-0.03620075854303316
-0.036076043477623478
-0.035951074632802379
-0.035825854656229505
-0.035700386176096027
-0.035574671847175367
-0.035448714311875261
-0.03532251623153991
-0.035196080260259173
-0.03506940906591291
-0.034942505316541715
-0.03481537168761021
-0.034688010859562815
-0.034560425514071347
-0.034432618344537799
-0.034304592040035352
-0.034176349306062136
-0.034047892837180085
-0.033919225351611772
-0.033790349552486817
-0.033661268171592464
-0.033531983917966419
-0.033402499536028356
-0.033272817743488871
-0.033142941297922973
-0.033012872921646029
-0.032882615383863105
-0.032752171416147204
-0.032621543801901555
-0.032490735277769286
-0.032359748638573702
-0.032228586630232765
-0.032097252060863536
-0.031965747679739066
-0.031834076305039677
-0.031702240695943205
-0.031570243685519958
-0.031438088037648922
-0.031305776596227519
-0.031173312135633617
-0.031040697513913935
-0.030907935508210988
-0.030775028985536985
-0.030641980733707892
-0.030508793635062419
-0.030375470481476562
-0.030242014164765938
-0.030108427487776531
-0.029974713356261846
-0.029840874574690854
-0.029706914056131226
-0.029572834616283069
-0.029438639184069342
-0.029304330579110301
-0.029169911739546313
-0.029035385497334965
-0.02890075480577086
-0.028766022498218927
-0.028631191534947729
-0.028496264761440335
-0.028361245154712007
-0.028226135563530923
-0.028090938973260721
-0.027955658245189315
-0.027820296379700866
-0.027684856238007156
-0.027549340825879679
-0.027413753016791977
-0.027278095833607647
-0.027142372152624175
-0.027006585004695698
-0.026870737279776697
-0.026734832024827338
-0.026598872129437047
-0.026462860645523612
-0.026326800475705819
-0.026190694689634728
-0.026054546192037613
-0.025918358059324288
-0.025782133209861502
-0.025645874735535118
-0.025509585552871947
-0.025373268756714796
-0.025236927276739783
-0.02510056422550578
-0.024964182534634241
-0.024827785323098907
-0.024691375537574688
-0.02455495631378668
-0.024418530596779838
-0.024282101525360304
-0.024145672058739399
-0.024009245354505021
-0.023872824373283644
-0.02373641227833638
-0.023600012045215196
-0.023463626853480288
-0.023327259675451441
-0.023190913691893321
-0.023054591889125398
-0.022918297466510903
-0.022782033411443334
-0.022645802928464093
-0.022509609021107439
-0.022373454911240178
-0.022237343599403079
-0.022101278308539505
-0.021965262054057764
-0.021829298078077257
-0.021693389396600232
-0.021557539255626052
-0.021421750687004512
-0.021286026952878231
-0.021150371080790785
-0.021014786331557015
-0.020879275747487984
-0.020743842607800867
-0.020608489955598507
-0.020473221073476638
-0.020338039021864662
-0.020202947100627058
-0.020067948366729312
-0.019933046119404437
-0.0197982434314041
-0.019663543621556867
-0.019528949763028051
-0.019394465177747115
-0.01926009295562468
-0.019125836435271111
-0.018991698701455038
-0.0188576830905062
-0.018723792702401876
-0.018590030892590027
-0.018456400761093887
-0.018322905666245334
-0.01818954872582695
-0.018056333316017848
-0.017923262549834933
-0.017790339801766544
-0.017657568200705173
-0.017524951141121049
-0.017392491751293034
-0.017260193427651498
-0.017128059315485892
-0.016996092827732123
-0.016864297103423406
-0.016732675551285183
-0.016601231325868451
-0.016469967854621449
-0.016338888291749853
-0.01620799606598957
-0.016077294350028932
-0.015946786590108938
-0.015816475953768252
-0.015686365884044453
-0.015556459564942678
-0.015426760459534379
-0.015297271751097609
-0.01516799690391901
-0.015038939118897924
-0.014910101877064213
-0.014781488372550939
-0.014653102081333762
-0.014524946213298862
-0.014397024263394682
-0.014269339440688861
-0.014141895240788082
-0.014014694891463335
-0.01388774190589705
-0.013761039506003899
-0.013634591200559692
-0.013508400227890382
-0.013382470116364179
-0.01325680410319815
-0.013131405716411021
-0.013006278211065288
-0.012881425130870308
-0.012756849724213277
-0.012632555527488957
-0.012508545805192313
-0.012384824111029683
-0.01226139370939806
-0.012138258152540509
-0.012015420724177059
-0.011892884992622643
-0.011770654236759756
-0.011648732018986748
-0.01152712163496401
-0.011405826665570344
-0.011284850406162009
-0.011164196436729362
-0.011043868070519484
-0.010923868902784342
-0.010804202240519079
-0.010684871671841848
-0.010565880519422602
-0.01044723238849805
-0.010328930601381132
-0.010210978762286486
-0.01009338021199065
-0.0099761385707930333
-0.009859257173993146
-0.0097427396363498307
-0.0096265893088844801
-0.0095108098245081322
-0.0093954045331387012
-0.0092803770665306189
-0.0091657307915988737
-0.0090514693545435451
-0.0089375961158095329
-0.0088241147135713488
-0.0087110285235235448
-0.0085983411994838815
-0.0084860561170278757
-0.0083741769276618402
-0.008262707025215749
-0.0081516500758430886
-0.0080410094685091013
-0.0079307888630662064
-0.0078209916639691481
-0.0077116215481767732
-0.0076026819193649887
-0.0074941764532480606
-0.0073861085699603642
-0.0072784819593002641
-0.0071713000350054111
-0.007064566479422209
-0.0069582847207164981
-0.0068524584566911646
-0.0067470911148502007
-0.0066421863911955556
-0.0065377477303532961
-0.0064337788428536187
-0.0063302831678645286
-0.0062272644098142812
-0.0061247260222491631
-0.0060226717259193605
-0.0059211049731697236
-0.0058200294826797486
-0.0057194487225965557
-0.0056193664241831883
-0.0055197860500077016
-0.0054207113222372099
-0.0053221457178394592
-0.0052240929717749509
-0.0051265565618164666
-0.0050295402188435308
-0.0049330474379122293
-0.0048370819617352739
-0.0047416472821018825
-0.0046467471342170356
-0.0045523850241702239
-0.0044585647010595428
-0.0043652896712828848
-0.0042725636814283001
-0.0041803902529266041
-0.0040887731436639405
-0.0039977158706832024
-0.003907222183867169
-0.0038172956133292733
-0.0037279399209024697
-0.0036391586373153346
-0.0035509555216398335
-0.0034633341197828071
-0.0033762982023851367
-0.0032898513116061253
-0.0032039972122589271
-0.0031187394587159239
-0.0030340818290435613
-0.0029500278770641332
-0.0028665813788780687
-0.0027837459015557352
-0.0027015252313534908
-0.0026199229313317767
-0.0025389427796242529
-0.0024585883515230861
-0.0023788634348715526
-0.0022997716063857519
-0.0022213166499333685
-0.0021435021566873881
-0.0020663319197149741
-0.001989809527903107
-0.0019139387680498269
-0.001838723240513567
-0.0017641667433392031
-0.0016902728769918913
-0.0016170454377956557
-0.0015444880380008014
-0.0014726044832008055
-0.0014013983818991277
-0.0013308735332017993
-0.0012610335560223629
-0.0011918822588061443
-0.0011234232609007441
-0.001055660368356034
-0.00098859721258582039
-0.00092223760887891258
-0.00085658518534880909
-0.00079164375251747127
-0.000727416947916106
-0.00066390859268599116
-0.00060112232365725263
-0.00053906196017450151
-0.00047773114959299425
-0.00041713371899975582
-0.00035727331317569704
-0.00029815375145326182
-0.00023977868894879676
-0.00018215195106269954
-0.0001252771954867529
-6.9158242540281849e-05
-1.3798762194934636e-05
4.079741967973617e-05
9.4626633111893964e-05
0.0001476850588373507
0.00019996901753332959
0.00025147468298044727
0.00030219837425285938
0.0003521362677519709
0.00040128467318578773
0.00044963976140021978
0.00049719784283518945
0.00054395509463874676
0.00058990781892573937
0.00063505218821144577
0.00067938450228277895
0.00072290093677150613
0.00076559778235151346
0.00080747120945860815
0.00084851750942112889
0.00088873285646265941
0.00092811353559995821
0.00096665571469904275
0.0010043556783666881
0.0010412095957160878
0.0010772137444876335
0.0011123642893449965
0.0011466575080763426
0.0011800895711602431
0.0012126567490722382
0.001244355210374246
0.0012751812218098006
0.0013051309564598272
0.0013342006727011387
0.0013623865416751374
0.001389684819850076
0.0014160916828776097
0.0014416033816067664
0.0014662160885266496
0.0014899260525887612
0.0015127294476249417
0.0015346225175742116
0.0015556014336461541
0.0015756624389940391
0.0015948017085171621
0.0016130154805708437
0.0016302999289029335
0.0016466512894557548
0.0016620657378720476
0.0016765395054495235
0.0016900687655213408
0.0017026497495443958
0.0017142786319873772
0.0017249516421633105
0.0017346649509258701
0.0017434147881436562
0.0017511973241594006
0.0017580087865172881
0.0017638453431676499
0.0017687032213377116
0.0017725785923490103
0.0017754676794327232
0.0017773666548866593
0.0017782717384298178
0.0017781791063546043
0.0017770849736204605
0.0017749855175308747
0.0017718769503360407
0.001767755452718489
0.0017626172344380141
0.0017564584763553649
0.001749275386373991
0.0017410641465769299
0.0017318209632482644
0.0017215420187995181
0.0017102235171571735
0.0016978616436922264
0.0016844525998777624
0.0016699925740234277
0.0016544777639220206
0.0016379043606560674
0.0016202685600488309
0.0016015665550180149
0.0015817945394635048
0.0015609487069646708
0.0015390252521183675
0.001516020368669191
0.0014919302517949946
0.001466751093768001
0.0014404790918341526
0.0014131104378875979
0.0013846413289827554
0.0013550679575050782
0.0013243865205128922
0.0012925932134601934
0.0012596842309751653
0.0012256557711364281
0.0011905040278258688
0.0011542252026267288
0.0011168154866469577
0.0010782710833757091
0.0010385881842992434
0.00099776299580703917
0.00095579170883360628
0.00091267052963161924
0.00086839565208599175
0.00082296328325963159
0.00077636961718211179
0.00072861086058427353
0.00067968320989537066
0.00062958287519881257
0.00057830605232052606
0.00052584895317996571
0.00047220777664571322
0.00041737873990710974
0.0003613580402381057
0.00030414190362522322
0.00024572651895256445
0.00018610814080207092
0.0001252831031055289
6.3248062603218265e-05
0
