17502059279620.285 17502059279620.344 17502059279620.08 17502059279620.625 17502059279620.498 17502059279620.439 17502059279620.773 17502059279620.777 17502059279621.279 17502059279620.965 17502059279621.119 17502059279620.613 17502059279620.943 17502059279621.381 17502059279620.916 17502059279621.121 17502059279621.236 
17502059279620.35 17502059279620.418 17502059279620.41 17502059279620.564 17502059279620.594 17502059279620.637 17502059279620.781 17502059279620.885 17502059279621.057 17502059279621.039 17502059279621.062 17502059279620.979 17502059279621.1 17502059279621.256 17502059279621.219 17502059279621.309 17502059279621.387 
17502059279620.469 17502059279620.574 17502059279620.584 17502059279620.637 17502059279620.682 17502059279620.742 17502059279620.838 17502059279620.934 17502059279621.033 17502059279621.082 17502059279621.123 17502059279621.146 17502059279621.229 17502059279621.328 17502059279621.398 17502059279621.514 17502059279621.688 
17502059279621.301 17502059279620.834 17502059279620.729 17502059279620.73 17502059279620.768 17502059279620.826 17502059279620.904 17502059279620.99 17502059279621.074 17502059279621.143 17502059279621.205 17502059279621.266 17502059279621.346 17502059279621.438 17502059279621.537 17502059279621.666 17502059279621.834 
17502059279620.447 17502059279620.738 17502059279620.779 17502059279620.803 17502059279620.844 17502059279620.902 17502059279620.973 17502059279621.057 17502059279621.141 17502059279621.223 17502059279621.299 17502059279621.377 17502059279621.459 17502059279621.551 17502059279621.652 17502059279621.781 17502059279622.033 
17502059279621.15 17502059279620.898 17502059279620.854 17502059279620.861 17502059279620.914 17502059279620.977 17502059279621.051 17502059279621.141 17502059279621.225 17502059279621.322 17502059279621.402 17502059279621.488 17502059279621.578 17502059279621.674 17502059279621.754 17502059279621.777 17502059279621.598 
17502059279620.879 17502059279620.867 17502059279620.883 17502059279620.914 17502059279620.982 17502059279621.062 17502059279621.143 17502059279621.238 17502059279621.328 17502059279621.432 17502059279621.523 17502059279621.623 17502059279621.729 17502059279621.828 17502059279621.918 17502059279621.984 17502059279622.084 
17502059279620.596 17502059279620.824 17502059279620.91 17502059279620.977 17502059279621.055 17502059279621.143 17502059279621.234 17502059279621.336 17502059279621.438 17502059279621.547 17502059279621.656 17502059279621.777 17502059279621.896 17502059279622.012 17502059279622.111 17502059279622.166 17502059279622.025 
17502059279621.074 17502059279620.938 17502059279620.98 17502059279621.062 17502059279621.152 17502059279621.242 17502059279621.357 17502059279621.473 17502059279621.582 17502059279621.707 17502059279621.832 17502059279621.963 17502059279622.094 17502059279622.221 17502059279622.373 17502059279622.555 17502059279622.885 
17502059279620.738 17502059279620.883 17502059279621.023 17502059279621.148 17502059279621.25 17502059279621.361 17502059279621.482 17502059279621.611 17502059279621.742 17502059279621.877 17502059279622.014 17502059279622.154 17502059279622.305 17502059279622.455 17502059279622.623 17502059279622.803 17502059279622.969 
17502059279620.367 17502059279620.85 17502059279621.078 17502059279621.24 17502059279621.371 17502059279621.496 17502059279621.633 17502059279621.781 17502059279621.92 17502059279622.064 17502059279622.211 17502059279622.359 17502059279622.52 17502059279622.688 17502059279622.857 17502059279623.068 17502059279623.389 
17502059279621.053 17502059279621.086 17502059279621.234 17502059279621.389 17502059279621.529 17502059279621.662 17502059279621.805 17502059279621.963 17502059279622.115 17502059279622.271 17502059279622.418 17502059279622.582 17502059279622.744 17502059279622.91 17502059279623.078 17502059279623.23 17502059279623.246 
17502059279620.73 17502059279621.221 17502059279621.43 17502059279621.586 17502059279621.717 17502059279621.854 17502059279622.002 17502059279622.16 17502059279622.32 17502059279622.484 17502059279622.646 17502059279622.818 17502059279622.986 17502059279623.156 17502059279623.332 17502059279623.539 17502059279623.854 
17502059279621.957 17502059279621.654 17502059279621.684 17502059279621.789 17502059279621.906 17502059279622.047 17502059279622.199 17502059279622.365 17502059279622.537 17502059279622.707 17502059279622.885 17502059279623.062 17502059279623.238 17502059279623.41 17502059279623.582 17502059279623.756 17502059279623.967 
17502059279621.703 17502059279621.77 17502059279621.861 17502059279621.977 17502059279622.1 17502059279622.246 17502059279622.406 17502059279622.582 17502059279622.758 17502059279622.949 17502059279623.137 17502059279623.322 17502059279623.514 17502059279623.688 17502059279623.846 17502059279623.939 17502059279623.832 
17502059279621.611 17502059279621.881 17502059279622.021 17502059279622.154 17502059279622.303 17502059279622.459 17502059279622.625 17502059279622.814 17502059279623.008 17502059279623.209 17502059279623.414 17502059279623.615 17502059279623.801 17502059279623.988 17502059279624.172 17502059279624.33 17502059279624.521 
17502059279621.936 17502059279622.145 17502059279622.223 17502059279622.355 17502059279622.52 17502059279622.686 17502059279622.867 17502059279623.068 17502059279623.277 17502059279623.486 17502059279623.705 17502059279623.93 17502059279624.121 17502059279624.324 17502059279624.521 17502059279624.697 17502059279624.902 
