-3.4925271739130959 -3.4925271739130967 -3.4809404465176494 -3.4290292444216508 -3.3138097061167495 -3.1238635211457133 -2.8615533047473152 -2.5423771256946921 -2.1920037258717322 -1.841630326048628 -1.5224541469959925 -1.2601439305975477 -1.0701977456265297 -0.95497820732166638 -0.90306700522552741 -0.8914802778301798 -0.89148027783017614 
-3.4925271739130959 -3.3422477414420091 -3.2032602628828206 -3.066222600404203 -2.9211106244180272 -2.7610568771282855 -2.5838731211124131 -2.3920976932236044 -2.1920037258716767 -1.9919097585197147 -1.800134330630887 -1.6229505746149959 -1.4628968273252543 -1.3177848513390795 -1.1807471888604315 -1.041759710301263 -0.89148027783017625 
-3.4809404465177494 -3.2032602628828544 -2.9653598835725412 -2.7660126464539938 -2.6023679091524707 -2.4699026183966675 -2.3625142297555666 -2.2727207080394676 -2.1920037258716563 -2.1112867437038352 -2.021493221987726 -1.9141048333466162 -1.7816395425908107 -1.6179948052892872 -1.4186475681707362 -1.1807471888604326 -0.90306700522553651 
-3.4290292444217174 -3.0662226004042377 -2.7660126464540058 -2.5308444082214798 -2.3614905004605515 -2.2544156730850675 -2.2006667558572288 -2.1859968037121624 -2.1920037258716456 -2.1980106480311252 -2.1833406958860544 -2.1295917786582117 -2.0225169512827272 -1.8531630435218016 -1.617994805289283 -1.3177848513390751 -0.95497820732166416 
-3.3138097061167717 -2.9211106244180511 -2.6023679091524845 -2.3614905004605569 -2.2008078473230284 -2.1172314785690118 -2.1004845324108392 -2.1331184016399867 -2.1920037258716376 -2.2508890501032877 -2.2835229193324342 -2.2667759731742607 -2.1831996044202451 -2.0225169512827201 -1.781639542590798 -1.4628968273252418 -1.0701977456265341 
-3.123863521145763 -2.7610568771283117 -2.4699026183966808 -2.254415673085072 -2.1172314785690136 -2.055691697396953 -2.0599662466964888 -2.1130031396949107 -2.1920037258716327 -2.2710043120483561 -2.3240412050467767 -2.3283157543463111 -2.2667759731742518 -2.1295917786581953 -1.9141048333465909 -1.6229505746149586 -1.2601439305974855 
-2.8615533047473716 -2.5838731211124308 -2.3625142297555728 -2.2006667558572302 -2.1004845324108405 -2.0599662466964896 -2.0714298328179739 -2.1214465611312137 -2.1920037258716283 -2.2625608906120447 -2.3125776189252849 -2.3240412050467696 -2.2835229193324205 -2.1833406958860317 -2.0214932219876918 -1.8001343306308373 -1.5224541469959183 
-2.5423771256946508 -2.3920976932235871 -2.2727207080394609 -2.1859968037121602 -2.1331184016399867 -2.1130031396949116 -2.1214465611312145 -2.1510791665454621 -2.1920037258716261 -2.2329282851977905 -2.2625608906120385 -2.2710043120483436 -2.2508890501032695 -2.1980106480310981 -2.1112867437037961 -1.991909758519661 -1.8416303260485547 
-2.1920037258716056 -2.1920037258716372 -2.1920037258716425 -2.1920037258716407 -2.1920037258716367 -2.1920037258716318 -2.1920037258716296 -2.1920037258716274 -2.1920037258716243 -2.1920037258716221 -2.1920037258716198 -2.1920037258716181 -2.1920037258716167 -2.1920037258716145 -2.1920037258716158 -2.1920037258716238 -2.1920037258716603 
-1.8416303260486813 -1.991909758519713 -2.1112867437038298 -2.1980106480311226 -2.2508890501032868 -2.2710043120483547 -2.262560890612046 -2.2329282851977936 -2.1920037258716252 -2.1510791665454558 -2.1214465611312017 -2.1130031396948925 -2.1331184016399631 -2.18599680371213 -2.2727207080394285 -2.3920976932235583 -2.5423771256946455 
-1.5224541469959203 -1.800134330630871 -2.0214932219877211 -2.1833406958860544 -2.2835229193324365 -2.3240412050467794 -2.3125776189252893 -2.2625608906120442 -2.1920037258716238 -2.1214465611312034 -2.0714298328179579 -2.0599662466964674 -2.1004845324108121 -2.200666755857196 -2.3625142297555275 -2.5838731211123669 -2.8615533047472526 
-1.2601439305976043 -1.6229505746150104 -1.9141048333466208 -2.1295917786582157 -2.2667759731742652 -2.3283157543463169 -2.3240412050467754 -2.2710043120483498 -2.1920037258716225 -2.1130031396948961 -2.0599662466964688 -2.0556916973969268 -2.1172314785689803 -2.2544156730850324 -2.4699026183966302 -2.7610568771282487 -3.1238635211456769 
-1.0701977456265517 -1.462896827325266 -1.781639542590818 -2.0225169512827348 -2.1831996044202526 -2.2667759731742607 -2.2835229193324285 -2.250889050103277 -2.1920037258716216 -2.1331184016399658 -2.1004845324108135 -2.1172314785689808 -2.2008078473229906 -2.3614905004605129 -2.6023679091524334 -2.9211106244180005 -3.3138097061167642 
-0.95497820732167038 -1.3177848513390835 -1.6179948052892916 -1.8531630435218074 -2.0225169512827277 -2.1295917786582068 -2.1833406958860424 -2.1980106480311061 -2.1920037258716194 -2.1859968037121322 -2.2006667558571955 -2.2544156730850302 -2.3614905004605089 -2.5308444082214301 -2.7660126464539467 -3.066222600404156 -3.4290292444215762 
-0.9030670052255052 -1.1807471888604271 -1.4186475681707362 -1.617994805289285 -1.781639542590806 -1.9141048333466075 -2.0214932219877082 -2.1112867437038068 -2.1920037258716172 -2.2727207080394276 -2.3625142297555262 -2.4699026183966253 -2.6023679091524263 -2.7660126464539445 -2.9653598835724888 -3.2032602628827798 -3.4809404465176379 
-0.89148027783018313 -1.0417597103012635 -1.1807471888604306 -1.3177848513390709 -1.4628968273252483 -1.6229505746149906 -1.8001343306308657 -1.9919097585196783 -2.1920037258716163 -2.3920976932235547 -2.5838731211123669 -2.7610568771282415 -2.9211106244179805 -3.0662226004041555 -3.2032602628827935 -3.3422477414419567 -3.4925271739130435 
-0.8914802778301788 -0.89148027783018091 -0.90306700522553474 -0.95497820732164274 -1.0701977456265248 -1.2601439305975624 -1.5224541469959685 -1.8416303260485913 -2.1920037258716167 -2.5423771256946406 -2.8615533047472645 -3.1238635211456716 -3.3138097061167042 -3.4290292444215833 -3.4809404465176912 -3.492527173913043 -3.4925271739130435 
