0.5 0.44140625000000033 0.39062499999999639 0.34765625000000655 0.31249999999999428 0.2851562499999965 0.26562499999999445 0.25390625000000949 0.25000000000000477 0.25390625000000772 0.26562499999999506 0.28515625000000033 0.31250000000007039 0.34765624999999517 0.39062500000001377 0.44140624999999933 0.5 
0.44140625 0.38281249999999906 0.33203124999999817 0.28906249999999994 0.25390624999999734 0.22656249999999767 0.20703124999999875 0.1953125000000035 0.19140625000000405 0.19531250000000494 0.20703125000000377 0.22656250000000966 0.2539062500000257 0.28906250000000966 0.33203125000000844 0.38281250000000322 0.44140625 
0.39062499999999978 0.33203124999999767 0.28124999999999717 0.23828124999999764 0.20312499999999745 0.17578124999999806 0.15624999999999939 0.14453125000000167 0.14062500000000305 0.14453125000000427 0.1562500000000055 0.17578125000000883 0.2031250000000131 0.23828125000000927 0.28125000000000699 0.33203125000000516 0.39062500000000888 
0.34765624999999534 0.28906249999999473 0.2382812499999952 0.195312499999996 0.16015624999999672 0.13281249999999772 0.11328124999999908 0.10156250000000075 0.09765625000000222 0.10156250000000362 0.11328125000000511 0.13281250000000705 0.16015625000000855 0.19531250000000733 0.23828125000000511 0.28906250000000155 0.34765624999999778 
0.31249999999998807 0.25390624999999073 0.20312499999999287 0.16015624999999442 0.12499999999999573 0.09765624999999703 0.078124999999998473 0.06640625 0.062500000000001457 0.066406250000002873 0.078125000000004302 0.097656250000005704 0.12500000000000666 0.16015625000000638 0.20312500000000452 0.25390624999999817 0.3124999999999728 
0.28515624999997563 0.22656249999998723 0.17578124999999103 0.13281249999999306 0.097656249999994713 0.070312499999996239 0.050781249999997786 0.039062499999999299 0.035156250000000729 0.039062500000002109 0.050781250000003504 0.070312500000004829 0.097656250000005995 0.13281250000000697 0.17578125000000849 0.22656250000001374 0.28515625000003758 
0.26562500000000078 0.20703124999999162 0.15624999999999098 0.11328124999999221 0.078124999999993838 0.05078124999999549 0.03124999999999711 0.019531249999998626 0.015625000000000045 0.019531250000001419 0.031250000000002782 0.050781250000004143 0.078125000000005523 0.11328125000000697 0.15625000000000869 0.20703125000001066 0.26562500000001005 
0.25390624999998107 0.19531249999998745 0.14453124999998901 0.10156249999999088 0.066406249999992908 0.039062499999994837 0.019531249999996524 0.0078124999999980415 0.0039062499999994301 0.0078125000000007546 0.019531250000002064 0.039062500000003435 0.066406250000004927 0.10156250000000663 0.1445312500000086 0.19531250000001019 0.25390625000000772 
0.25000000000001987 0.19140624999998807 0.14062499999998668 0.097656249999989383 0.062499999999992041 0.03515624999999422 0.015624999999996021 0.0039062499999975462 -1.101855137195579e-15 0.003906250000000124 0.015625000000001322 0.035156250000002588 0.06250000000000408 0.097656250000005995 0.14062500000000885 0.19140625000001382 0.25000000000002609 
0.2539062499998746 0.19531249999995826 0.14453124999998027 0.10156249999998793 0.066406249999991659 0.039062499999994074 0.019531249999995851 0.0078124999999972713 0.003906249999998496 0.0078124999999995177 0.019531250000000489 0.039062500000001499 0.066406250000002776 0.10156250000000447 0.14453125000000699 0.19531250000001013 0.25390625000001005 
0.26562500000002232 0.20703124999999017 0.15624999999998818 0.11328124999999041 0.078124999999992645 0.050781249999994511 0.031249999999996007 0.019531249999997207 0.015624999999998229 0.019531249999998997 0.03124999999999965 0.050781250000000278 0.078125000000001069 0.11328125000000221 0.15625000000000458 0.20703125000000966 0.2656250000000171 
0.2851562499999904 0.22656249999999195 0.17578124999999184 0.13281249999999273 0.097656249999994019 0.070312499999995295 0.05078124999999642 0.039062499999997356 0.035156249999998085 0.039062499999998605 0.05078124999999889 0.070312499999999001 0.097656249999999056 0.13281249999999883 0.17578124999999944 0.22656250000000683 0.28515625000005385 
0.31249999999999017 0.25390624999999534 0.20312499999999462 0.16015624999999467 0.12499999999999535 0.097656249999996197 0.07812499999999703 0.066406249999997724 0.062499999999998224 0.066406249999998529 0.078124999999998501 0.097656249999998182 0.12499999999999713 0.16015624999999464 0.20312499999998757 0.25390624999996436 0.31249999999987427 
0.34765625000005174 0.28906250000000455 0.23828124999999667 0.19531249999999598 0.16015624999999645 0.13281249999999711 0.11328124999999775 0.10156249999999818 0.097656249999998432 0.10156249999999853 0.11328124999999833 0.13281249999999786 0.16015624999999689 0.19531249999999498 0.23828124999999181 0.28906249999998879 0.347656250000003 
0.39062499999989575 0.33203124999997446 0.28124999999999151 0.23828124999999589 0.20312499999999728 0.17578124999999808 0.15624999999999845 0.14453124999999872 0.14062499999999883 0.14453124999999889 0.15624999999999878 0.17578124999999828 0.20312499999999756 0.2382812499999967 0.28124999999999578 0.332031249999996 0.39062500000000089 
0.44140625000005101 0.38281250000000611 0.33203124999999895 0.28906249999999833 0.25390624999999872 0.226562499999999 0.20703124999999917 0.19531249999999939 0.19140624999999944 0.19531249999999936 0.20703124999999933 0.22656249999999914 0.25390624999999867 0.28906249999999839 0.33203124999999822 0.38281249999999856 0.44140625 
0.5 0.44140625 0.390625 0.34765625 0.3125 0.28515625 0.265625 0.25390625 0.25 0.25390625 0.265625 0.28515625 0.3125 0.34765625 0.390625 0.44140625 0.5 
