-19241453486080.414 -19241453486080.477 -19241453486080.461 -19241453486080.281 -19241453486080.391 -19241453486080.812 -19241453486080.191 -19241453486080.531 -19241453486079.934 -19241453486080.359 -19241453486080.805 -19241453486080.766 -19241453486080.492 -19241453486080.195 -19241453486080.395 -19241453486079.93 -19241453486079.988 
-19241453486080.477 -19241453486080.539 -19241453486080.531 -19241453486080.484 -19241453486080.52 -19241453486080.598 -19241453486080.453 -19241453486080.465 -19241453486080.34 -19241453486080.461 -19241453486080.609 -19241453486080.602 -19241453486080.48 -19241453486080.34 -19241453486080.289 -19241453486080.113 -19241453486080.051 
-19241453486080.602 -19241453486080.656 -19241453486080.625 -19241453486080.594 -19241453486080.59 -19241453486080.594 -19241453486080.543 -19241453486080.52 -19241453486080.484 -19241453486080.516 -19241453486080.555 -19241453486080.539 -19241453486080.465 -19241453486080.375 -19241453486080.293 -19241453486080.172 -19241453486079.93 
-19241453486081.312 -19241453486080.844 -19241453486080.707 -19241453486080.656 -19241453486080.637 -19241453486080.621 -19241453486080.594 -19241453486080.57 -19241453486080.551 -19241453486080.547 -19241453486080.543 -19241453486080.512 -19241453486080.449 -19241453486080.379 -19241453486080.32 -19241453486080.332 -19241453486080.691 
-19241453486080.445 -19241453486080.68 -19241453486080.688 -19241453486080.672 -19241453486080.66 -19241453486080.645 -19241453486080.625 -19241453486080.605 -19241453486080.586 -19241453486080.566 -19241453486080.539 -19241453486080.492 -19241453486080.426 -19241453486080.352 -19241453486080.266 -19241453486080.125 -19241453486079.801 
-19241453486080.887 -19241453486080.727 -19241453486080.695 -19241453486080.676 -19241453486080.672 -19241453486080.664 -19241453486080.656 -19241453486080.641 -19241453486080.609 -19241453486080.586 -19241453486080.535 -19241453486080.48 -19241453486080.422 -19241453486080.355 -19241453486080.258 -19241453486080.09 -19241453486079.734 
-19241453486080.473 -19241453486080.625 -19241453486080.668 -19241453486080.672 -19241453486080.676 -19241453486080.668 -19241453486080.664 -19241453486080.645 -19241453486080.613 -19241453486080.59 -19241453486080.543 -19241453486080.496 -19241453486080.449 -19241453486080.391 -19241453486080.316 -19241453486080.227 -19241453486080.195 
-19241453486080.457 -19241453486080.617 -19241453486080.66 -19241453486080.664 -19241453486080.656 -19241453486080.648 -19241453486080.637 -19241453486080.617 -19241453486080.594 -19241453486080.57 -19241453486080.535 -19241453486080.504 -19241453486080.465 -19241453486080.426 -19241453486080.363 -19241453486080.285 -19241453486080.129 
-19241453486080.805 -19241453486080.711 -19241453486080.676 -19241453486080.66 -19241453486080.648 -19241453486080.629 -19241453486080.625 -19241453486080.609 -19241453486080.586 -19241453486080.566 -19241453486080.539 -19241453486080.508 -19241453486080.473 -19241453486080.438 -19241453486080.418 -19241453486080.414 -19241453486080.438 
-19241453486081.051 -19241453486080.73 -19241453486080.652 -19241453486080.633 -19241453486080.617 -19241453486080.613 -19241453486080.609 -19241453486080.605 -19241453486080.59 -19241453486080.562 -19241453486080.535 -19241453486080.5 -19241453486080.473 -19241453486080.445 -19241453486080.441 -19241453486080.496 -19241453486080.719 
-19241453486080.203 -19241453486080.492 -19241453486080.559 -19241453486080.59 -19241453486080.594 -19241453486080.586 -19241453486080.582 -19241453486080.582 -19241453486080.566 -19241453486080.547 -19241453486080.516 -19241453486080.48 -19241453486080.449 -19241453486080.418 -19241453486080.395 -19241453486080.398 -19241453486080.477 
-19241453486080.473 -19241453486080.457 -19241453486080.496 -19241453486080.531 -19241453486080.543 -19241453486080.539 -19241453486080.539 -19241453486080.551 -19241453486080.535 -19241453486080.523 -19241453486080.488 -19241453486080.449 -19241453486080.406 -19241453486080.359 -19241453486080.309 -19241453486080.207 -19241453486079.832 
-19241453486079.988 -19241453486080.352 -19241453486080.465 -19241453486080.512 -19241453486080.512 -19241453486080.508 -19241453486080.512 -19241453486080.516 -19241453486080.504 -19241453486080.48 -19241453486080.445 -19241453486080.406 -19241453486080.363 -19241453486080.312 -19241453486080.266 -19241453486080.273 -19241453486080.52 
-19241453486080.539 -19241453486080.477 -19241453486080.484 -19241453486080.492 -19241453486080.484 -19241453486080.484 -19241453486080.48 -19241453486080.48 -19241453486080.465 -19241453486080.438 -19241453486080.402 -19241453486080.359 -19241453486080.309 -19241453486080.25 -19241453486080.18 -19241453486080.09 -19241453486079.938 
-19241453486080.637 -19241453486080.516 -19241453486080.484 -19241453486080.469 -19241453486080.457 -19241453486080.449 -19241453486080.445 -19241453486080.441 -19241453486080.418 -19241453486080.395 -19241453486080.359 -19241453486080.309 -19241453486080.258 -19241453486080.184 -19241453486080.098 -19241453486079.953 -19241453486079.664 
-19241453486080.309 -19241453486080.445 -19241453486080.453 -19241453486080.445 -19241453486080.438 -19241453486080.422 -19241453486080.402 -19241453486080.387 -19241453486080.367 -19241453486080.34 -19241453486080.309 -19241453486080.262 -19241453486080.195 -19241453486080.125 -19241453486080.047 -19241453486079.949 -19241453486079.895 
-19241453486080.379 -19241453486080.484 -19241453486080.418 -19241453486080.395 -19241453486080.387 -19241453486080.367 -19241453486080.348 -19241453486080.328 -19241453486080.309 -19241453486080.273 -19241453486080.246 -19241453486080.203 -19241453486080.129 -19241453486080.059 -19241453486079.984 -19241453486079.891 -19241453486079.832 
