1 1.0644511538673729 1.1327799376416301 1.2049080979373121 1.2806963574446091 1.3599371896223387 1.4423482709524535 1.5275669749203233 1.6151462964420653 1.7045526032841802 1.7951655981837935 1.8862808383937564 1.9771150960539225 2.0668147525196323 2.1544673039057058 2.2391159174725903 2.319776824715853 
1.0644944589178593 1.1330943833236435 1.2058235913852045 1.2825984127367149 1.3632704818846708 1.4476188831944703 1.5353431170377037 1.6260572068149828 1.7192853396690917 1.8144594559469449 1.9109191931875484 2.0079145522990469 2.1046115858090149 2.2001013095570254 2.2934119084591451 2.3835241372837146 2.4693895758360922 
1.1331484530668261 1.2061669677538189 1.2835817690086391 1.3653039237932416 1.4511755338703696 1.5409614629342459 1.6343418584739093 1.7309058713708407 1.8301470048787318 1.9314605376036029 2.0341434529806577 2.1373972667689936 2.2403340719759886 2.3419860164368718 2.4413182928014017 2.5372455576616795 2.628651520387348 
1.2062302494210018 1.2839538890133431 1.3663577105789149 1.453347226867683 1.5447544449179675 1.640329113182331 1.7397307809606168 1.8425221165757524 1.9481639532930064 2.0560125404534872 2.1653194621488296 2.2752346414796176 2.3848127719367991 2.4930234079535669 2.5987648063500273 2.7008814458595123 2.798184977877888 
1.2840254166875471 1.3667588364232179 1.454474493308618 1.5470719503729546 1.6443724681553902 1.7461097077334198 1.8519212909663418 1.9613416928359648 2.0737969680705159 2.1886018227838133 2.3049595250254282 2.4219651007179244 2.538612180257946 2.6538037453356216 2.7663668775843417 2.8750714365364374 2.978652403977804 
1.3668379411735168 1.4549052354923477 1.5482762183026872 1.6468440727738143 1.7504185987207737 1.8587163220823644 1.9713515171911038 2.0878286443537126 2.2075367374307233 2.329746286089136 2.4536091396062747 2.5781619086527741 2.7023332551897838 2.8249553376692744 2.944779521248817 3.0604962760774739 3.1707589790781463 
1.4549914146186533 1.5487374556027245 1.6481293104156767 1.7530533283884342 1.8633070822706388 1.9785888411798038 2.0984880166033064 2.2224771143136306 2.3499057608785301 2.4799973848680934 2.6118491142228089 2.744435397662917 2.8766157662294098 3.007147020148818 3.1346999582202293 3.2578805670361932 3.3752553637923337 
1.5488302986343463 1.6486221338880636 1.754423927222444 1.8661147147746138 1.9834790251077354 2.106195673747258 2.2338275942185097 2.3658132718898548 2.5014603856681474 2.6399422751439809 2.7802978311290936 2.9214353505677493 3.0621407991264453 3.2010907853870028 3.3368703715109787 3.4679956318710157 3.5929406321895696 
1.6487212707005281 1.7549495998197455 1.8675754741843749 1.9864701079610487 2.1114041151820517 2.242035582609367 2.3778992455385053 2.5183973693843713 2.6627929812031894 2.8102061086532961 2.9596136629354746 3.1098535415984627 3.2596334231391544 3.4075445770219814 3.5520808222144868 3.69166254022897 3.8246653941870457 
1.7550546569576113 1.8681353993307259 1.9880262276030545 2.1145899910882067 2.2475824617926712 2.3866396396941201 2.5312662304303686 2.6808259381528932 2.8345342598072163 2.9914544808413996 3.1504975497199927 3.3104264439094964 3.4698655293497418 3.6273152577496441 3.7811723436802698 3.9297553224129969 4.0713351193259477 
1.8682459574322974 1.9886219224994837 2.1162470702950267 2.2509753030810975 2.3925465618767521 2.5405733142838716 2.6945282873829237 2.8537341324626766 3.0173557531521538 3.1843960420538853 3.3536957463096777 3.5239381133896384 3.6936588505727839 3.8612617639955782 4.0250402285266782 4.1832043848356815 4.3339136749201996 
1.9887374695824249 2.1168801415241472 2.2527393475319588 2.3961594155055153 2.5468634014454334 2.7044387034216575 2.8683239974310655 3.0377982310255334 3.2119724545726127 3.3897852826033468 3.5700027507632277 3.7512232600238264 3.9318881742468723 4.1102984588465699 4.2846375206489116 4.4530001404645461 4.6134270923821861 
2.1170000166125043 2.2534114685037463 2.3980368536571954 2.550710247537491 2.7111367015138521 2.8788769137079986 3.0533333073744995 3.2337383065657632 3.419145638516417 3.6084255038290483 3.8002644268031145 3.9931705196713168 4.1854847605045071 4.375398693995403 4.5609787216519573 4.7401968645430781 4.9109675764583942 
2.2535347872136127 2.3987497475525998 2.5527079640838686 2.7152325309082923 2.8860093182430111 3.064570603604897 3.2502802219657583 3.4423210742947759 3.6396858694788912 3.8411719889915701 4.0453813352223182 4.2507259415736183 4.4554399792323949 4.6575985905074271 4.8551437162657933 5.0459167795866628 5.2276977730688694 
2.3988752939655074 2.5534634085303889 2.7173579347514041 2.8903702379782623 3.0721658058953731 3.2622466941431236 3.4599356742086127 3.6643629304534877 3.8744562139020711 4.0889353899334484 4.3063122925137289 4.5248967111908209 4.7428091840985083 4.958001048560476 5.1682819117716177 5.371354355146849 5.5648553123281799 
2.5535894580632474 2.7181578477352177 2.8926314022660247 3.0768091830717803 3.270335146305368 3.4726792528187453 3.683120581660376 3.9007331921328405 4.1243756695823102 4.3526853477153429 4.5840781792135958 4.8167551352737696 5.0487158519364943 5.2777800039940903 5.5016165713906497 5.7177807487462209 5.9237576446530928 
2.7182818284590451 2.8934782288399452 3.079215120134116 3.2752797875864355 3.4812936362141902 3.6966925503966586 3.9207090952389794 4.152357549679456 4.3904228279214426 4.6334543671601622 4.8797660246172283 5.1274429263759824 5.374356038380216 5.618184984564353 5.8564493222160419 6.0865481102792263 6.3058071887055274 
