0, NoCircle, Dirichlet, 8, (0.0001780724341410862, 0.00025250913649569245, 0.0005369806601538407)
0, NoCircle, Dirichlet, 16, (5.126186364407846e-05, 6.714576218939327e-05, 0.00013759499938004183)
0, NoCircle, Dirichlet, 32, (1.369478523224788e-05, 1.7313951395210675e-05, 3.4450248152406715e-05)
0, NoCircle, Dirichlet, 64, (3.5357502524821193e-06, 4.396262527706744e-06, 8.624141106583494e-06)
0, NoCircle, Neumann, 8, (46393550637829.984, 46393550637829.98, 46393550637830.555)
0, NoCircle, Neumann, 16, (17502059279618.99, 17502059279618.988, 17502059279620.094)
0, NoCircle, Neumann, 32, (2002409611105.7778, 2002409611105.7776, 2002409611106.5613)
0, NoCircle, Neumann, 64, (25711098476.296753, 25711098476.296753, 25711098476.331856)
0, HasCircle, Dirichlet, 8, (3.615358804940514e-06, 1.2441788381414137e-05, 6.142200059811032e-05)
0, HasCircle, Dirichlet, 16, (1.6403538993976607e-06, 3.664488460766161e-06, 1.7289032268497095e-05)
0, HasCircle, Dirichlet, 32, (5.14777802612619e-07, 1.0005040339173419e-06, 4.401261369135767e-06)
0, HasCircle, Dirichlet, 64, (1.515758267198137e-07, 2.7542960961675707e-07, 1.1365362748705365e-06)
0, HasCircle, DirichletNeumann, 8, (0.0026218634474121983, 0.007250723641409668, 0.039813488761569094)
0, HasCircle, DirichletNeumann, 16, (0.001156471968411969, 0.0029629000616912724, 0.017913850163853606)
0, HasCircle, DirichletNeumann, 32, (0.000549912123345129, 0.0013572943502935622, 0.008654450402067582)
0, HasCircle, DirichletNeumann, 64, (0.00026950284129243575, 0.0006507889393863631, 0.004182070769884305)
0, HasCircle, NeumannDirichlet, 8, (0.012378195723594432, 0.03000272124630528, 0.13030805622267572)
0, HasCircle, NeumannDirichlet, 16, (0.005585250994286589, 0.013586273288098517, 0.06827370573761726)
0, HasCircle, NeumannDirichlet, 32, (0.0027595404535631475, 0.006641433097768627, 0.03529614596289221)
0, HasCircle, NeumannDirichlet, 64, (0.0014419909383826133, 0.0033960394827241783, 0.018183555363967763)
0, HasCircle, Neumann, 8, (nan, nan, nan)
0, HasCircle, Neumann, 16, (8452175420433.038, 10369714727728.025, 12722284877632.18)
0, HasCircle, Neumann, 32, (295362844499.50916, 371599895003.2592, 467514734971.31335)
0, HasCircle, Neumann, 64, (15257702616.189165, 19287315165.790443, 24381162463.527737)
1, NoCircle, Dirichlet, 8, (7.17391059461119e-16, 1.4103768737771023e-15, 6.6058269965196814e-15)
1, NoCircle, Dirichlet, 16, (7.0591521157044874e-15, 1.5907787670745314e-14, 1.2573275753879898e-13)
1, NoCircle, Dirichlet, 32, (3.3383733699642336e-14, 7.824898243039703e-14, 1.5535905895092128e-12)
1, NoCircle, Dirichlet, 64, (2.108850292324561e-13, 4.207936968064055e-13, 6.5048522124300234e-12)
1, NoCircle, Neumann, 8, (51951924412415.266, 51951924412415.26, 51951924412415.63)
1, NoCircle, Neumann, 16, (19241453486080.637, 19241453486080.637, 19241453486081.66)
1, NoCircle, Neumann, 32, (2181267984050.2747, 2181267984050.2742, 2181267984050.7979)
1, NoCircle, Neumann, 64, (27879230751.314823, 27879230751.314823, 27879230751.33994)
1, HasCircle, Dirichlet, 8, (1.7133071367672168e-18, 1.2715463329228437e-17, 1.1102230246251565e-16)
1, HasCircle, Dirichlet, 16, (1.0007853830541906e-15, 3.4259758924608394e-15, 3.907985046680551e-14)
1, HasCircle, Dirichlet, 32, (1.8405259970930594e-14, 5.4166454045211227e-14, 7.485123632022805e-13)
1, HasCircle, Dirichlet, 64, (1.690391055270628e-13, 4.3868971904182634e-13, 7.565503779005667e-12)
1, HasCircle, DirichletNeumann, 8, (0.005500890187387747, 0.01002086660771621, 0.028087539580009147)
1, HasCircle, DirichletNeumann, 16, (0.002684134470226536, 0.0046070023975999085, 0.01378177874092712)
1, HasCircle, DirichletNeumann, 32, (0.001348577697143249, 0.00223751971098865, 0.006786082690683731)
1, HasCircle, DirichletNeumann, 64, (0.00069674775495297, 0.0011262447938499998, 0.0033357204219842673)
1, HasCircle, NeumannDirichlet, 8, (0.01332826967592594, 0.020194465857577084, 0.04974365234375)
1, HasCircle, NeumannDirichlet, 16, (0.00594011431344021, 0.00910704114148072, 0.025194683244960214)
1, HasCircle, NeumannDirichlet, 32, (0.002920312105078802, 0.004456520207709679, 0.01291247720468347)
1, HasCircle, NeumannDirichlet, 64, (0.0015245045034654658, 0.0022871001229606536, 0.006657491666043236)
1, HasCircle, Neumann, 8, (nan, nan, nan)
1, HasCircle, Neumann, 16, (13413908139777.553, 16457112385194.148, 20190726314562.555)
1, HasCircle, Neumann, 32, (460830962833.2495, 579777519725.8129, 729425753671.267)
1, HasCircle, Neumann, 64, (23747706425.732452, 30019558633.406387, 37947828914.129)
2, NoCircle, Dirichlet, 8, (0.13628024164962974, 0.21043793610099623, 0.47348535622724297)
2, NoCircle, Dirichlet, 16, (0.17264237614294037, 0.23224688312426628, 0.49352462663907837)
2, NoCircle, Dirichlet, 32, (0.18871448292845408, 0.24164388740847442, 0.49839051778000765)
2, NoCircle, Dirichlet, 64, (0.1959820609649925, 0.24595604241742752, 0.4995982111604991)
2, NoCircle, Neumann, 8, (0.9870127468478187, 1.184367626142778, 2.1395567447179453)
2, NoCircle, Neumann, 16, (2.1920037258716296, 2.3493260573932053, 3.4925271739130967)
2, NoCircle, Neumann, 32, (0.6845339625937966, 0.7938931683505929, 1.3378716884087096)
2, NoCircle, Neumann, 64, (0.6543397994214686, 0.7581822532775719, 1.2193412955126028)
2, HasCircle, Dirichlet, 8, (0.019705992674584765, 0.051201385462678634, 0.13528153035064078)
2, HasCircle, Dirichlet, 16, (0.027767376068783566, 0.05518853101835434, 0.16478128879551213)
2, HasCircle, Dirichlet, 32, (0.03273043486119499, 0.05841102672746957, 0.16990473915848547)
2, HasCircle, Dirichlet, 64, (0.03716291911159423, 0.06277075486604065, 0.17710729442415463)
2, HasCircle, DirichletNeumann, 8, (0.1091282340570024, 0.2189283589913036, 0.6939587587481204)
2, HasCircle, DirichletNeumann, 16, (0.10544841598940922, 0.18828101559397895, 0.5695434940295829)
2, HasCircle, DirichletNeumann, 32, (0.10744896494785453, 0.18095425636244988, 0.5202772559884409)
2, HasCircle, DirichletNeumann, 64, (0.11217105707292613, 0.1831883842836041, 0.5048920006791808)
2, HasCircle, NeumannDirichlet, 8, (0.19100596134416, 0.30276404331354834, 0.581691640483967)
2, HasCircle, NeumannDirichlet, 16, (0.15484631685166886, 0.2398567437475764, 0.4847103503143571)
2, HasCircle, NeumannDirichlet, 32, (0.14987272910889035, 0.2284536763127658, 0.4640157950957877)
2, HasCircle, NeumannDirichlet, 64, (0.15595505155273934, 0.23465283748484805, 0.47308329719933495)
2, HasCircle, Neumann, 8, (nan, nan, nan)
2, HasCircle, Neumann, 16, (3.3893201212696873, 4.528442115455547, 7.786748404710973)
2, HasCircle, Neumann, 32, (0.9478832008003897, 1.289418736113129, 2.2765234840404447)
2, HasCircle, Neumann, 64, (0.8165940128972954, 1.1066169084029414, 1.7628016073701895)
